2026001 张伟 86 78 92
2026002 王芳 74 88 81
2026003 李娜 93 90 95
2026004 刘洋 65 72 69
2026005 陈静 58 64 70
2026006 杨帆 82 76 84
2026007 赵敏 91 89 87
2026008 黄磊 77 83 79
2026009 周洁 68 59 75
2026010 吴昊 96 94 90
2026011 徐丽 80 85 88
2026012 孙强 55 61 58
2026013 胡雪 89 92 86
2026014 朱明 72 68 74
2026015 高峰 94 96 91
2026016 林涛 63 70 66
2026017 何欣 78 82 85
2026018 郭凯 69 73 71
2026019 马宁 87 79 83
2026020 罗婷 92 88 94
2026021 欧阳晨 60 65 62
2026022 司马晴 83 91 80
2026023 诸葛宇 75 77 79
2026024 上官雪 97 93 96
2026025 夏侯博 66 58 64
2026026 慕容琳 81 86 89
2026027 端木阳 70 74 76
2026028 司徒晨 88 84 82
2026029 南宫婷 59 67 63
2026030 东方涛 90 95 92
2026031 叶倩 76 80 78
2026032 蒋浩 84 73 81
2026033 程晨 62 69 60
2026034 袁媛 95 97 93
2026035 丁磊 73 75 70
2026036 潘璐 79 83 86
2026037 蔡俊 67 71 68
2026038 田甜 85 90 88
2026039 石磊 57 62 66
2026040 姜楠 93 91 89
2026041 宋雨涵 71 78 74
2026042 林子轩 82 80 85
2026043 陈思琪 64 60 72
2026044 周梓涵 88 87 90
2026045 吴佳怡 75 69 77
2026046 郑宇航 91 93 95
2026047 冯若曦 68 72 70
2026048 韩俊杰 80 84 82
2026049 曹雅婷 56 59 61
2026050 许文博 86 89 91
2026051 邓紫涵 74 76 73
2026052 薛子墨 92 94 96
2026053 叶思远 61 66 63
2026054 蒋雨桐 83 85 87
2026055 程浩然 70 68 72
2026056 袁嘉怡 89 91 88
2026057 丁睿哲 96 98 97
2026058 潘梦琪 65 63 69
2026059 蔡欣怡 78 81 79
2026060 田博文 84 86 83
